0.45359996819368764
0.6449796623605484
0.30241509257243715
0.8440162521269582
-0.21406083897211955
0.8207250820603911
-0.14907563147868225
0.9511590761669779
-0.5137299356451122
0.5408008865382391
0.4858300016117933
0.5906842341253021
0.41885154608288344
0.709580675323932
0.1467153301626315
0.9562046695430361
-0.5575818453016991
0.4717829478963166
0.6301751321615745
0.3132082889094291
0.8268530160324337
-0.1667999443037176
0.9634781870956957
-0.939198088177625
-0.517570967443039
0.7893868186116594
-0.06950105693948866
1.0009959447150267
-0.7059016919864831
0.13845273839180336
0.9626417515239812
-0.5776685954499962
0.4149761360860284
0.6079244362741596
0.3668918586447941
0.7674517912965635
-0.017874146118045584
0.9991920155734403
-0.6918790997622055
0.31385276638496784
0.826295392511225
-0.18143988377375286
0.9369506475443452
-0.512880893985954
0.53851592364515
0.5727153676847314
0.533558908396089
0.5077948922774927
0.3136598065903876
0.8326721012483894
-0.27578721474947093
0.8668238052592199
-0.3073653500894512
0.8469298602502948
-0.221819884177131
0.7838117084260847
-0.1922828543679848
0.9299503363955137
-0.4770341425022647
0.37097356503197143
0.9121448737766692
-0.33222901474794253
0.8033309501931643
-0.11278575876446668
0.9778553813175435
-0.47385408063873036
0.8368251966463416
-0.3622592494055966
0.9372622045320445
-0.6624744242405151
0.4747643321771081
0.5716607712242391
0.44751898203233886
0.6611264893466535
0.253255722430512
0.888323125157877
-0.3807144215157291
0.7674871652036614
-0.0063117389034678395
1.0814111038536565
-0.9968181950740015
-0.6847336451370204
0.201788814845167
0.9205418285428205
-0.4376352704077319
0.6128957801356164
0.3726945154304563
0.820464352317678
-0.16594920172260305
1.1040595826449402
-1.0788075868967089
-1.058111668229531
-0.8999707940071254
-0.3639689212943534
1.007419201733765
-0.7320775157661564
0.08312963668922338
0.9799059176890181
-0.6462017900209769
0.289904610768001
0.8388231332158097
-0.2287568170221736
0.9136612856433151
-0.43367271227539433
0.6753358933971542
0.2220019206185388
0.9044348860455291
-0.3913537225787052
0.7505634637681404
-0.011530314506233104
1.0142419028165595
-0.38512417499599977
0.7424821456463655
0.2966814537801903
0.8377347077062537
-0.3199715200223072
0.837475229211557
-0.15244463952133644
0.9721700802556029
-0.6133586381122937
0.34290393851540424
0.8229996101678277
-0.1611348863623947
0.9696735762056713
-0.6072643229236628
0.3825251926185471
0.7522160270186756
0.08085215753672095
0.9903919350779936
-0.6801676783616458
0.016802458178287738
1.017970212931489
-1.0192977650987576
-0.7939034672160923
-0.07263983100194202
0.9764598009296379
-0.354839777863766
0.7683774765629969
-0.01865578708594283
1.0068830094516992
-0.5523565285730869
0.47964292863404845
0.6023938733269497
0.3660379678952943
0.625101940361806
0.3258247070072193
0.7075659813044293
0.14520942333049203
0.9562975566300113
-0.8472716075831477
0.0013413134276744065
1.0141000359587313
-0.7598417992263645
0.007113249241548725
0.9917654792160974
-0.6778904626764136
0.19698089968777818
0.9415051079341759
-0.5114425459568471
0.8246783846929291
-0.258633592754323
0.8801190369151235
-0.43028891519781143
0.6867200995964184
0.18677200066494506
0.7885791221915062
-0.023979531212299877
1.00678770113549
-0.7558212852563257
0.02385412644020589
1.0022325658926223
-0.7106262085642008
0.12075000144387296
0.9728857287389856
-0.6146361994453435
0.3641865936509777
0.6100754361864462
0.3377891665497134
0.8119132563637818
-0.11560329830266927
0.9822763947516212
-0.6550681572361582
0.2792690917223828
0.851945298925727
-0.4979896972522145
0.6339443250728868
0.4078545819920247
0.7076788606258031
0.14750755426865458
0.9592273125936247
-0.36720053802754016
0.4561020116798232
0.6428114962544822
0.3077109536534918
0.8358234663197769
-0.14802552967112803
0.963983109158377
-0.31945529821237606
0.8325297538316666
-0.44080500310799514
0.6541935601703038
0.23819963792731527
0.8917725939193061
-0.31552569386025847
0.847668879212882
-0.22574058265701133
0.8109106836488791
-0.12149935432423957
0.9386939788470026
-0.8853569195800758
-0.33024098147684444
0.8280346675424499
-0.18697440799769457
0.9281383824819934
-0.29106811409455924
0.860204865147455
-0.19773524882470472
0.9371374148840717
-0.4416399385456598
0.6613165136067846
0.1749959250884936
0.9350430818176588
-0.49397766459179365
0.3168304429806938
0.8304742560874435
-0.1868086294576667
0.654826670621049
0.2564261360626398
0.8781500016638187
-0.31632748921425985
0.8170601547263238
-0.4771949505805682
0.565060197446729
0.7748644687185567
-0.019920087521916516
0.9484272771299318
-0.5372156575717404
0.46804057386783454
0.6198586610220351
0.4405991045125413
0.631049263488049
0.24984108305397576
1.0048889440198316
-0.7373227783670675
-0.06501590968615328
0.9679487977484197
-0.3182711372317678
0.8255297639083293
-0.10694679586584033
0.9717614342765616
-0.577408061819353
0.4468336456880504
0.6688430713881707
0.24838902146911968
0.889565129685561
-0.4073154132886044
0.6969869609708598
0.16684223454557023
1.1616164623065055
-0.9678916994626757
-0.41961553088300735
0.7104959259361482
0.13690626386341614
0.9572168635726042
-0.6667682049880223
0.23175700114086456
0.9528549514389649
-0.5586677074980579
0.5111529797156809
